20
1 1 1 1 0.25519 4.33965e-06 0.000540805 100000 0 0 1 0 0 0.174533 0.523599 1 1 0.3 0 1 2.38419e-07 6.39853 -20.3 0 1 1 1 1
0 0.4 0.8 1 0 4.40076e-05 0.000201402 100000 0 0 1 0 0 29 30 1 0 0 0 1 41 68.2999 5.60001 0 1 1 1 1
1 1 0.5 1 0 2.88194e-05 0.000125366 100000 0.27 -1 -0.5 0 1 2 30 1 0 0 0 1 -23.1999 72.5001 12.8 0 1 1 1 1
1 1 1 1 0 5.21998e-06 6.19002e-06 100000 0 -1 0 0 1 29 50 1 0 0 0 1 25.7 88.1002 -92.2002 0 1 1 1 1
1 1 1 1 0 0.01 1.96709e-06 100000 0 -1 0 0 0 0 0 1 0 0 0 1 153.601 2.14577e-06 1.5 0 1 1 1 1
1 1 1 1 0 0.01 4.6687e-06 100000 0 -1 0 0 0 0 0 1 0 0 0 1 -159.601 -5.1 -9.6 0 1 1 1 1
1 1 1 1 0 0.01 0.001 100000 0 -1 0 0 0 0 0 1 0 0 0 1 72 64.4999 -5.7 0 1 1 1 1
1 1 1 1 0 0.01 0.001 100000 0 -1 0 0 0 0 0 1 0 0 0 1 31.5 52.7999 -19.8 0 1 1 1 1
1 1 1 1 0 0.01 0.001 100000 0 -1 0 0 0 0 0 1 0 0 0 1 19.8 54.5999 -20.4 0 1 1 1 1
1 1 1 1 0 0.01 0.001 100000 0 -1 0 0 0 0 0 1 0 0 0 1 8.1 55.1999 -21.6 0 1 1 1 1
1 1 1 1 0 0.01 0.001 100000 0 -1 0 0 0 0 0 1 0 0 0 1 0 0 0 0 1 1 1 1
1 1 1 1 0 0.01 0.001 100000 0 -1 0 0 0 0 0 1 0 0 0 1 0 0 0 0 1 1 1 1
1 1 1 1 0 0.01 0.001 100000 0 -1 0 0 0 0 0 1 0 0 0 1 0 0 0 0 1 1 1 1
1 1 1 1 0 0.01 0.001 100000 0 -1 0 0 0 0 0 1 0 0 0 1 0 0 0 0 1 1 1 1
1 1 1 1 0 0.01 0.001 100000 0 -1 0 0 0 0 0 1 0 0 0 1 0 0 0 0 1 1 1 1
1 1 1 1 0 0.01 0.001 100000 0 -1 0 0 0 0 0 1 0 0 0 1 0 0 0 0 1 1 1 1
1 1 1 1 0 0.01 0.001 100000 0 -1 0 0 0 0 0 1 0 0 0 1 0 0 0 0 1 1 1 1
1 1 1 1 0 0.01 0.001 100000 0 -1 0 0 0 0 0 1 0 0 0 1 0 0 0 0 1 1 1 1
1 1 1 1 0 0.01 0.001 100000 0 -1 0 0 0 0 0 1 0 0 0 1 0 0 0 0 1 1 1 1
1 1 1 1 0 0.01 0.001 100000 0 -1 0 0 0 0 0 1 0 0 0 1 0 0 0 0 1 1 1 1
